dark: 00:00:00.9391796
light: 00:00:00.7312459
