dark: 00:00:00.9361331
light: 00:00:00.8712375
