dark: 00:00:00.9948839
light: 00:00:00.7346621
