dark: 00:00:00.9188660
light: 00:00:00.9686846
