dark: 00:00:00.8875927
light: 00:00:00.6384816
