dark: 00:00:00.9039163
light: 00:00:00.9558118
