dark: 00:00:01.1950590
light: 00:00:00.7291590
