dark: 00:00:02.7509642
light: 00:00:02.5679788
