dark: 00:00:04.4739761
light: 00:00:03.7306596
