dark: 00:00:03.3104738
light: 00:00:02.5652779
