dark: 00:00:03.4194170
light: 00:00:02.8870338
