dark: 00:00:02.5577455
light: 00:00:03.9045988
