dark: 00:00:02.8813988
light: 00:00:03.1055550
