dark: 00:00:03.0377726
light: 00:00:02.3511363
