dark: 00:00:03.4543360
light: 00:00:03.2633690
