dark: 00:00:02.9765172
light: 00:00:02.2440299
