light: 00:00:02.9052028
dark: 00:00:05.6882653
