dark: 00:00:01.5085261
light: 00:00:01.6409850
