dark: 00:00:01.3401099
light: 00:00:01.7562619
