dark: 00:00:01.4120717
light: 00:00:01.5325637
