dark: 00:00:01.4587391
light: 00:00:01.7489175
