dark: 00:00:00.9879238
light: 00:00:01.9925265
