dark: 00:00:01.0891903
light: 00:00:02.1587651
