dark: 00:00:01.2543555
light: 00:00:01.6899349
