dark: 00:00:01.5365017
light: 00:00:02.5049565
