dark: 00:00:02.1102713
light: 00:00:02.4951082
