dark: 00:00:01.5321892
light: 00:00:02.3873378
