dark: 00:00:01.4977592
light: 00:00:02.3662847
