dark: 00:00:01.4530987
light: 00:00:02.2697422
