dark: 00:00:01.7985792
light: 00:00:02.4599457
