dark: 00:00:01.7198908
light: 00:00:02.4347366
