dark: 00:00:01.4468263
light: 00:00:02.4217917
