dark: 00:00:01.3969972
light: 00:00:02.5384518
