dark: 00:00:03.4920938
light: 00:00:02.7959043
