dark: 00:00:01.1030505
light: 00:00:00.7693707
