dark: 00:00:00.9995847
light: 00:00:00.8369433
