dark: 00:00:01.0186690
light: 00:00:00.8396382
