dark: 00:00:00.9204348
light: 00:00:00.6691047
