dark: 00:00:01.0234194
light: 00:00:00.8286153
