dark: 00:00:00.9523130
light: 00:00:00.7960906
