dark: 00:00:01.0219786
light: 00:00:00.8036117
