dark: 00:00:00.9518554
light: 00:00:00.8203877
