dark: 00:00:01.0218707
light: 00:00:00.7556188
