dark: 00:00:01.4028949
light: 00:00:02.0569011
