dark: 00:00:01.0210548
light: 00:00:01.5031268
