dark: 00:00:01.0508274
light: 00:00:02.1236778
