dark: 00:00:01.1620489
light: 00:00:01.3641495
