dark: 00:00:00.8176859
light: 00:00:01.2523549
