light: 00:00:02.0062543
dark: 00:00:00.7490789
