light: 00:00:02.1062401
dark: 00:00:00.8213441
