dark: 00:00:00.8357571
light: 00:00:01.2991301
