dark: 00:00:00.8022648
light: 00:00:01.3282532
