light: 00:00:02.0632504
dark: 00:00:00.9835754
