light: 00:00:03.5624681
dark: 00:00:00.7186960
