light: 00:00:02.2778963
dark: 00:00:01.2238531
