dark: 00:00:00.8398610
light: 00:00:01.4226442
