dark: 00:00:00.7979338
light: 00:00:01.2368930
