dark: 00:00:00.7535181
light: 00:00:01.4460220
