light: 00:00:04.0414384
dark: 00:00:00.8362802
