light: 00:00:02.3013833
dark: 00:00:00.8370214
