dark: 00:00:00.8547477
light: 00:00:01.3536586
