light: 00:00:03.4437792
dark: 00:00:00.8034253
