light: 00:00:01.8691524
dark: 00:00:00.8906591
