dark: 00:00:00.8516850
light: 00:00:01.3535492
