light: 00:00:02.0016774
dark: 00:00:00.7345370
