light: 00:00:01.7718207
dark: 00:00:00.9417602
