light: 00:00:01.8042881
dark: 00:00:00.8967707
