dark: 00:00:00.7922396
light: 00:00:01.2979369
