light: 00:00:01.9532737
dark: 00:00:00.8023895
