dark: 00:00:00.7907316
light: 00:00:01.3323255
