dark: 00:00:00.8617086
light: 00:00:01.3543763
