dark: 00:00:00.8277440
light: 00:00:01.3869831
