light: 00:00:02.4869428
dark: 00:00:00.8682815
