light: 00:00:02.0706110
dark: 00:00:00.7524900
