light: 00:00:01.7321389
dark: 00:00:00.9530839
