light: 00:00:01.9682673
dark: 00:00:00.8030786
