light: 00:00:01.9039215
dark: 00:00:00.8345243
