dark: 00:00:00.8718713
light: 00:00:01.2667018
