light: 00:00:01.8968548
dark: 00:00:00.8037886
