dark: 00:00:00.8569079
light: 00:00:01.3139522
