dark: 00:00:00.9187026
light: 00:00:00.9297455
