dark: 00:00:01.3843044
light: 00:00:01.0198656
