dark: 00:00:01.5560457
light: 00:00:00.9518352
