dark: 00:00:00.8314092
light: 00:00:01.0151531
