dark: 00:00:00.8292878
light: 00:00:00.9034765
