dark: 00:00:01.1041528
light: 00:00:00.9282836
