dark: 00:00:01.0699431
light: 00:00:00.9538465
