dark: 00:00:01.1522427
light: 00:00:01.1037047
