dark: 00:00:01.0712370
light: 00:00:01.2558866
