dark: 00:00:01.0187887
light: 00:00:01.0718720
