light: 00:00:02.1670257
dark: 00:00:00.9013728
