light: 00:00:01.8671868
dark: 00:00:00.9579453
