light: 00:00:03.4069082
dark: 00:00:00.7858364
