dark: 00:00:00.8644701
light: 00:00:01.3290402
