dark: 00:00:00.8025317
light: 00:00:01.2861970
