dark: 00:00:00.7378615
light: 00:00:01.4201164
