dark: 00:00:00.8171723
light: 00:00:01.3779175
