dark: 00:00:00.8365169
light: 00:00:01.3532811
