dark: 00:00:00.8235736
light: 00:00:01.3313476
