light: 00:00:03.6591546
dark: 00:00:00.7695334
