light: 00:00:02.1015258
dark: 00:00:00.9542165
