dark: 00:00:00.8545303
light: 00:00:01.4053173
