dark: 00:00:00.8051356
light: 00:00:01.2950314
