dark: 00:00:00.8965218
light: 00:00:01.4233956
