dark: 00:00:01.0398317
light: 00:00:00.9014084
