dark: 00:00:01.0539561
light: 00:00:00.9065961
