dark: 00:00:01.8193118
light: 00:00:01.8014324
