dark: 00:00:03.7592892
light: 00:00:02.5234805
