dark: 00:00:01.6310750
light: 00:00:01.5183075
