dark: 00:00:02.5526811
light: 00:00:02.0176756
