dark: 00:00:01.6169103
light: 00:00:02.2401880
