dark: 00:00:00.9877620
light: 00:00:01.3596560
