dark: 00:00:01.0728164
light: 00:00:01.2330428
