dark: 00:00:01.0922187
light: 00:00:01.0689967
