dark: 00:00:01.6678551
light: 00:00:01.1206239
