dark: 00:00:01.6109242
light: 00:00:01.2365176
