dark: 00:00:01.2209904
light: 00:00:01.1221802
