dark: 00:00:01.0594736
light: 00:00:01.2719162
