dark: 00:00:02.5186782
light: 00:00:12.9637583
