dark: 00:00:02.3535270
light: 00:00:12.9799447
