dark: 00:00:02.5523964
light: 00:00:13.7343061
