dark: 00:00:02.6928037
light: 00:00:17.8577043
