dark: 00:00:02.8033451
light: 00:00:13.2474386
