dark: 00:00:02.3142393
light: 00:00:12.7484647
