dark: 00:00:04.1659200
light: 00:00:15.1386312
