dark: 00:00:03.2877401
light: 00:00:14.9362648
