dark: 00:00:02.0869792
light: 00:00:11.4499100
