dark: 00:00:02.2992616
light: 00:00:12.3961466
