dark: 00:00:03.7581094
light: 00:00:13.7625952
