dark: 00:00:02.4168295
light: 00:00:12.7839524
