dark: 00:00:02.6878316
light: 00:00:15.6174934
