dark: 00:00:02.2526253
light: 00:00:14.9837178
