dark: 00:00:02.2758105
light: 00:00:15.0121305
