light: 00:00:11.5669399
dark: 00:00:02.0011103
