dark: 00:00:02.2506668
light: 00:00:15.4168720
