dark: 00:00:02.9187978
light: 00:00:10.8286747
