dark: 00:00:02.6341098
light: 00:00:14.8476026
