dark: 00:00:03.6482460
light: 00:00:18.2656154
