dark: 00:00:02.5008988
light: 00:00:14.9458382
