dark: 00:00:01.9361291
light: 00:00:02.4598541
