dark: 00:00:01.8174499
light: 00:00:01.7189792
