dark: 00:00:01.4874988
light: 00:00:01.1096525
