dark: 00:00:01.4523122
light: 00:00:01.1511145
