dark: 00:00:01.3836497
light: 00:00:01.2678006
