dark: 00:00:01.4511255
light: 00:00:01.2810021
