dark: 00:00:01.3510046
light: 00:00:01.2282486
