dark: 00:00:01.5410088
light: 00:00:01.1999925
