dark: 00:00:01.5020265
light: 00:00:01.2724539
