dark: 00:00:01.4888004
light: 00:00:01.1866885
