dark: 00:00:01.3208161
light: 00:00:01.3644475
