dark: 00:00:01.6030547
light: 00:00:02.6559238
