dark: 00:00:01.4860887
light: 00:00:01.5564900
