dark: 00:00:01.4908108
light: 00:00:01.3311832
