dark: 00:00:01.5548048
light: 00:00:02.0636652
