dark: 00:00:01.4201782
light: 00:00:01.2349393
