dark: 00:00:01.7576797
light: 00:00:01.9806031
