dark: 00:00:01.4645251
light: 00:00:01.5363525
