dark: 00:00:01.3218427
light: 00:00:01.3336578
