dark: 00:00:01.1956023
light: 00:00:00.9175657
