dark: 00:00:01.3894547
light: 00:00:00.7694726
