dark: 00:00:01.0063566
light: 00:00:00.7972093
