dark: 00:00:01.0478656
light: 00:00:00.9028963
