dark: 00:00:01.0165531
light: 00:00:00.7524075
