dark: 00:00:00.9160624
light: 00:00:01.0041264
