dark: 00:00:01.5381812
light: 00:00:00.8212394
