dark: 00:00:01.0526107
light: 00:00:00.7690040
