dark: 00:00:01.1149794
light: 00:00:00.8542539
