dark: 00:00:02.9066848
light: 00:00:00.7486463
