dark: 00:00:01.1206741
light: 00:00:00.7666638
