dark: 00:00:01.0819928
light: 00:00:00.7543882
