dark: 00:00:00.9577195
light: 00:00:00.7863655
