dark: 00:00:02.2877872
light: 00:00:02.3529045
