dark: 00:00:01.9666772
light: 00:00:01.7185071
