dark: 00:00:01.6673307
light: 00:00:01.4721690
