dark: 00:00:01.6846546
light: 00:00:01.7869487
