dark: 00:00:02.0633268
light: 00:00:02.8033226
