dark: 00:00:02.0518391
light: 00:00:01.8516212
