mean: 0.7905746499999999
std: 0.04851573730533733
throughput: 0.0
