mean: 0.9970895599999998
std: 0.05010336501440198
throughput: 0.0
