mean: 1.7984207400000003
std: 0.6004857350997878
throughput: 82.29638188002657
