mean: 1.5391084999999998
std: 0.17857735486611956
throughput: 16.118297053131734
