mean: 2.46742595
std: 0.13192691487634547
throughput: 59.98296321719402
