mean: 1.6243950899999997
std: 0.4447014121248469
throughput: 18.01991164600233
