mean: 2.0078688272727274
std: 0.4042872423211499
throughput: 22.64696148590764
