mean: 2.1000802727272725
std: 0.5959431682771088
throughput: 21.652566614012116
