mean: 1.3905745299999999
std: 0.39005392660300453
throughput: 17.839970073376797
