mean: 2.95248419
std: 0.5291482204864596
throughput: 21.69454462006789
