mean: 3.4550866500000006
std: 0.8989279952278963
throughput: 18.53869569378238
