mean: 1.49086012
std: 0.12290954786968993
throughput: 19.633938561586852
