mean: 1.5691852745098036
std: 0.8860326233907451
