mean: 1.0913848274509805
std: 0.29854288043753974
