mean: 1.794805546153846
std: 0.7218574169075245
