mean: 0.8471837360000001
std: 0.09152192374169756
