mean: 1.8300108759999998
std: 0.6900952415527145
throughput: 80.87575977881785
