mean: 1.1748347899999998
std: 0.2052030302442264
throughput: 24.915380655351555
