mean: 1.2525693500000001
std: 0.18834912129215922
throughput: 118.15994060528465
