mean: 1.19543088
std: 0.23070809276175291
throughput: 53.58134968037634
