mean: 0.7898980800000001
std: 0.10134981703088368
throughput: 31.406340423058122
