mean: 1.0684155199999998
std: 0.2247643309807355
