mean: 1.1844396699999997
std: 0.09433839811166024
throughput: 54.07856695647489
