mean: 1.19543088
std: 0.23070809276175291
