mean: 0.85162111
std: 0.07961335495624401
throughput: 34.371454225694336
