mean: 1.18849823
std: 0.5810093503093836
throughput: 20.873239331622734
