mean: 1.82036603
std: 0.23107899144913654
throughput: 81.30426384632106
