mean: 1.1844396699999997
std: 0.09433839811166024
