mean: 0.9933606100000001
std: 0.1489085578820536
throughput: 45.77605306898569
