mean: 14.070666733333335
std: 1.8807247323196021
throughput: 50.44570733229552
