mean: 2.686663161904762
std: 0.5615728112678503
throughput: 37.80928009151037
